7220,61,292,4112

9735,-76,320,4064

13350,-92,296,4068

32840,-64,308,4068

52345,-56,292,4080

71845,-60,296,4072

91345,-94,304,4084

110840,-64,322,4116

131315,-56,304,4064

151795,-60,304,4088

172265,-72,288,4064

192740,-96,320,4068

213220,-94,318,4060

233690,-60,300,4104

254165,-46,292,4100

274640,-84,296,4084

295115,-76,300,4080

315590,-76,304,4096

336070,-92,296,4092

356540,-92,288,4064

377015,-60,288,4068

397490,-64,272,4092

417965,-100,304,4100

439415,-98,304,4084

459890,-82,322,4088

480365,-72,276,4116

500845,-80,296,4072

521315,-42,292,4076

541790,-50,288,4100

562265,-78,280,4116

582740,-96,296,4100

603215,-52,292,4100

623690,-84,296,4100

644170,-54,284,4054

664640,-60,300,4112

685115,-72,308,4104

705590,-98,300,4100

726065,-108,288,4072

747515,-64,330,4100

767990,-40,280,4100

788470,-44,288,4092

808945,-62,300,4088

829415,-94,296,4128

849890,-120,304,4068

871340,-112,288,4096

892790,-72,304,4100

913265,-40,296,4048

933740,-76,292,4046

954225,-50,292,4116

974705,-68,310,4046

995180,-86,316,4080

1015655,-68,300,4064

1037090,-60,288,4096

1058540,-72,284,4038

1079990,-50,288,4104

1101440,-72,284,4100

1122895,-58,292,3984

1144350,-108,308,4156

1166765,-96,308,4034

1188220,-40,304,4060

1209675,-64,288,4164

1231115,-48,296,4168

1252565,-72,280,4012

1274015,-112,284,4136

1296440,-68,316,4104

1317890,-60,288,4042

1339345,-52,308,4060

1360800,-50,304,4096

1382240,-68,296,4092

1403690,-86,280,4084

1425140,-70,316,4100

1446605,-60,288,4076

1468040,-68,308,4076

1489495,-56,302,4080

1510950,-70,284,4084

1532405,-92,300,4068

1553840,-92,318,4096

1575290,-92,272,4084

1596750,-72,292,4108

1618190,-64,300,4084

1639640,-62,272,4168

1661090,-82,140,4030

1682535,74,174,4112

1703030,-180,416,4050

1725450,-108,304,4016

1747870,-62,292,4028

1769315,-56,272,4088

1790775,-36,304,4152

1812220,-86,266,4076

1833665,-414,170,4360

1856110,24,264,4164

1876570,48,216,4224

1897045,-76,218,4340

1918490,60,512,4352

1938965,-46,500,4248

1960415,104,396,4124

1981865,90,520,4412

2002340,16,600,4452

2022815,18,548,4324

2043290,182,520,4088

2064750,200,372,4124

2086190,208,700,4456

2107645,304,566,4682

2129100,458,628,4616

2150550,378,400,4220

2171995,484,276,4124

2193455,672,464,4268

2214895,654,426,4152

2236355,666,660,4196

2257795,644,440,4200

2279245,610,738,4038

2300695,624,686,4034

2322160,636,478,4020

2343595,624,550,4076

2365045,644,422,3808

2386505,696,776,3644

2407945,672,794,3444

2429395,1194,396,3774

2451825,1112,200,3744

2474250,1036,732,3378

2496670,340,574,2848

2518120,1126,478,3448

2540540,1264,158,3860

2562965,1208,82,3500

2584425,1108,278,3514

2606845,1170,266,3440

2629275,1344,-234,3420

2652670,1310,-60,4012

2675090,1452,218,4276

2697525,1330,120,3948

2719940,1218,88,3530

2741390,1392,-56,3514

2763815,1374,162,4016

2786240,1332,258,4112

2808665,1408,548,3652

2831090,1232,100,3372

2853520,1846,456,3312

2875945,1640,396,3664

2898370,2038,476,3588

2920790,1478,18,3348

2942255,1392,828,3680

2964670,1486,410,4056

2987095,1564,634,4502

3009540,1234,734,3782

3031945,1432,292,3342

3054370,1360,-448,3292

3077770,1500,1044,3860

3101170,1178,726,3572

3123595,1068,376,3456

3146020,1390,742,3770

3168440,1230,154,3746

3190865,1506,230,3632

3213295,1452,516,3636

3235720,1444,430,3828

3258150,1488,256,3912

3280570,1426,364,4050

3303005,1452,428,4016

3325420,1358,444,3936

3347845,1312,332,4044

3370275,1304,614,4250

3392695,1272,334,4064

3415125,1070,456,3652

3437545,1092,536,3868

3459975,1186,604,4204

3482390,1144,822,4160

3504820,1038,616,3916

3527245,1002,642,3824

3549685,956,894,3724

3571120,1052,810,3766

3593550,1032,920,3916

3615970,996,754,3864

3637420,1034,486,3748

3659845,1012,544,3764

3682280,1008,526,3880

3704695,1094,580,4050

3727120,1028,430,3976

3749545,968,392,4000

3771005,1020,414,4022

3793420,1048,476,4068

3815850,1120,510,4076

3838270,990,456,3952

3859720,988,364,3912

3881185,990,472,3912

3902620,942,510,3936

3924070,972,444,3944

3945530,952,444,3928

3966970,898,452,3848

3988420,942,494,3888

4009870,968,452,3904

4031330,928,428,3996

4052770,968,440,4000

4074220,952,400,3972

4095670,934,444,3984

4117120,944,480,3960

4138570,942,464,3964

4160025,960,432,3928

4181480,942,470,3972

4202920,952,520,4000

4224370,928,486,3976

4245830,904,440,3960

4267270,946,490,3968

4288720,944,494,3976

4310170,896,504,3964

4331625,912,506,3968

4353070,908,424,3940

4374520,936,480,3908

4395970,892,504,3916

4417425,932,444,3912

4438870,946,494,4008

4460320,932,476,3980

4481770,960,444,3948

4503220,946,422,3928

4524670,954,476,3968

4546120,916,520,3936

4567570,940,504,3932

4589035,946,508,3980

4610470,892,636,3952

4631920,916,474,3968

4653380,858,460,3948

4674820,820,612,3904

4696270,824,432,3884

4717720,856,474,3976

4739180,850,612,4054

4760620,824,558,4050

4782070,794,576,3968

4803520,728,642,3880

4824970,780,592,3932

4846420,850,566,4076

4867875,816,598,4084

4889320,784,536,3952

4910770,742,428,3956

4932220,784,508,4022

4953675,752,556,4008

4975120,794,544,3988

4996570,764,524,4022

5018020,740,516,4052

5039480,750,494,3948

5060930,768,524,3948

5082370,754,516,3976

5103820,768,558,4012

5125275,740,578,4016

5146720,740,570,3972

5168170,722,532,3944

5189620,760,596,4046

5211070,772,588,4020

5232520,768,596,3952

5253970,754,502,3996

5275420,754,580,3984

5296880,740,512,3952

5318320,788,536,4042

5339770,780,566,4026

5361230,768,502,3996

5382670,722,566,3956

5404120,794,584,4030

5425570,750,656,4012

5447030,752,554,3952

5468470,744,550,3948

5489910,724,646,3972

5511370,750,624,3976

5532820,788,632,4016

5554270,750,660,3988

5575725,720,616,3968

5597170,760,616,3988

5618620,750,688,3984

5640070,760,726,3976

5661525,732,748,4000

5682970,720,642,4012

5704420,754,596,4004

5725870,666,684,3924

5747325,724,630,3956

5768765,772,620,4100

5790215,794,744,4224

5811665,772,714,4208

5833125,702,722,3928

5854570,644,486,3816

5876020,812,608,3952

5897470,724,494,3932

5918935,728,540,3992

5940370,714,476,3860

5961820,768,414,3692

5983275,736,308,3672

6004735,652,406,3684

6026170,728,480,3792

6047620,678,548,3704

6069080,704,508,3692

6090520,854,528,3808

6111970,894,702,4020

6133420,1016,352,3992

6155840,982,170,4000

6177300,976,166,3916

6198740,974,162,4046

6220190,1038,184,4180

6242620,1030,128,4224

6265040,820,-100,4160

6287475,824,-170,4218

6309890,874,-132,4278

6332320,816,-152,4096

6354745,720,-370,3952

6377185,810,-428,4082

6399595,890,-494,4018

6422020,1016,-258,4140

6445430,934,-280,4142

6467855,1142,-460,3696

6491250,1160,-634,3908

6514645,1252,-448,3904

6538045,1374,-494,4138

6561445,1362,-384,4018

6584840,1366,-216,3778

6608245,1388,300,3668

6630665,1590,-86,3614

6653090,1552,258,3656

6675515,1426,126,3204

6697940,1654,-242,3168

6721350,1708,-494,3148

6744745,1714,-646,3462

6768145,1658,-616,3480

6791545,1480,-634,3510

6814960,1508,-590,4000

6838355,1564,-432,4046

6861745,1608,-278,4152

6885150,1632,-386,4128

6908545,1740,-380,4278

6931945,1686,-322,4392

6955345,1992,-326,4084

6978755,1916,-398,3798

7002155,1860,-360,3770

7025540,1776,-234,3920

7048940,1746,-48,3656

7071370,1676,-592,3800

7094770,1672,-666,3732

7118175,1804,-272,3936

7141570,1564,-456,3716

7164970,1468,-612,3324

7188380,1420,-840,3268

7211770,1550,-894,3428

7235175,1684,-802,3600

7258570,1610,-630,3664

7281975,1830,-790,3616

7305370,1692,-814,3452

7328770,1756,-704,3696

7352170,1738,-1038,3832

7376545,1908,-830,3952

7399940,1806,-1184,4104

7424315,2104,-1120,4348

7448690,2066,-1302,4604

7473070,1708,-1384,4798

7497445,1406,-1344,4996

7521820,868,-2020,4344

7545220,674,-2206,4052

7568620,972,-1404,4200

7592015,1056,-152,4620

7615420,920,-708,4444

7637850,754,-1836,4420

7661240,940,-2104,4372

7684655,1108,-1668,4260

7709020,432,-2344,4088

7732415,728,-2602,4256

7755820,1082,-1756,4806

7780195,746,-1960,4684

7803590,772,-2080,4164

7826995,808,-1432,4050

7850400,610,-924,3568

7872820,332,-1092,2924

7896220,360,-1078,2312

7919620,592,-462,2092

7942040,788,136,1924

7963500,812,254,1868

7984945,514,-372,2112

8007370,662,-1012,2022

8030775,906,-566,2212

8053190,1040,74,2294

8074645,1052,-352,2800

8098045,938,-742,3008

8120475,1332,-242,2880

8143865,1444,132,2928

8166290,1130,96,2700

8187745,1300,-898,3176

8211140,1370,-254,3588

8234545,1418,752,3364

8256970,1152,342,3350

8279395,1042,-416,3036

8302790,956,-98,2812

8324245,1044,-494,2940

8347640,820,-240,3068

8370075,618,-784,2692

8392495,336,-640,2800

8414930,646,-1624,2680

8438325,724,-2264,3328

8461720,682,-2624,3356

8485125,400,-2354,2532

8508515,216,-3558,2956

8531920,344,-3564,3754

8555330,474,-2446,3912

8578725,164,-3548,3172

8602120,306,-3540,3088

8625515,238,-3836,3640

8648915,-212,-3342,3756

8673300,38,-2518,2784

8695715,-124,-2984,3212

8720095,-324,-3380,3534

8744470,-478,-2470,3746

8768845,-292,-2504,3236

8793220,-448,-2118,3708

8817595,-430,-2792,3352

8841970,-430,-3184,3248

8866345,-470,-3284,3592

8890720,-606,-3690,3502

8915095,-592,-4032,3088

8939470,-504,-3476,3030

8963850,-382,-3364,3208

8988230,-364,-3122,3050

9012600,-562,-3312,3030

9036970,-644,-2580,2900

9061360,-732,-2270,2544

9085720,-924,-2588,2376

9110095,-670,-2136,1696

9134465,-1282,-2088,1548

9159825,-608,-2426,2644

9184205,-320,-2452,3172

9208570,-256,-3002,3620

9232945,-74,-3444,4026

9256340,88,-3564,4076

9278775,326,-3888,4560

9302170,500,-3566,4068

9325565,-24,-2760,3644

9348970,-286,-3230,4112

9373340,556,-3168,4124

9396745,396,-2616,3872

9420145,294,-2296,3956

9443540,-150,-2696,4084

9467920,-292,-2602,3676

9492295,-660,-2424,3790

9516670,-942,-2396,3892

9541045,-724,-2464,4188

9565420,-956,-2756,4152

9589800,-1122,-2766,3816

9615145,-1056,-2688,3768

9640495,-814,-2758,4108

9664870,-752,-2544,4076

9689245,-770,-2156,3384

9713620,-728,-1980,2968

9737995,-644,-1824,2932

9762370,-400,-2144,3356

9786745,-348,-1832,3274

9811115,-146,-1636,3012

9835490,-150,-1312,2928

9859875,20,-1484,2956

9882290,-120,-1412,2792

9906665,-228,-1176,2576

9931050,-74,-1116,2344

9954440,-168,-966,2440

9977855,6,-1244,2568

9999295,-280,-1184,2420

10023670,-1122,-1000,2480

10049995,-724,-1698,3420

10075345,-636,-2488,3604

10100710,-758,-2464,3668

10126045,-1216,-2784,3720

10152370,-982,-3232,4132

10177720,-714,-3144,4668

10203070,-504,-2788,4520

10228420,-618,-2556,4076

10253770,-576,-2500,3296

10279120,-702,-2548,3204

10304470,-636,-2408,2936

10329830,-592,-2572,3010

10355170,-404,-2416,2920

10380520,-286,-2716,2960

10405865,-94,-2686,3236

10430255,-2,-2800,3260

10453645,-4,-2984,3032

10477055,200,-2834,2774

10501420,330,-2720,2948

10525790,312,-2804,3168

10550170,408,-3166,3148

10574545,578,-3098,3180

10598920,540,-2820,3168

10623305,508,-2992,3512

10647670,428,-3822,4240

10672040,-242,-3868,4664

10697395,278,-3548,4644

10721765,706,-3536,4448

10746150,884,-3732,4184

10770530,556,-3312,3216

10794890,24,-2664,2432

10818290,-6,-2464,2248

10841710,-252,-2904,2530

10867040,-180,-2716,2700

10892390,2,-2264,2752

10914815,40,-2092,2696

10938230,16,-2472,2748

10961615,-46,-2700,2556

10985990,-226,-2596,2436

11011340,-160,-2564,2708

11036690,148,-3002,3104

11061075,28,-3000,2966

11084465,-158,-2808,3128

11109815,116,-2624,3400

11134195,338,-2736,3576

11158570,444,-3128,3752

11182940,144,-2976,3572

11207315,-20,-2084,2980

11231690,40,-1828,2864

11255100,244,-2108,3014

11279475,272,-2208,2988

11303850,-320,-2264,3004

11329190,-128,-2106,3016

11354540,-204,-2144,3160

11379890,-224,-2232,3290

11405245,-518,-2210,3032

11430610,-1016,-2164,2640

11456920,-1380,-2168,2760

11483245,-1184,-2472,3528

11509570,-964,-2424,3468

11534920,-728,-2104,3328

11560280,-558,-1848,3384

11585620,-604,-2040,3312

11610975,-530,-2156,3176

11636320,-344,-2068,2920

11661670,-378,-2068,3076

11687025,-138,-2278,3282

11712365,-132,-2496,3536

11737725,32,-2536,3472

11761120,-288,-2508,3404

11786485,-426,-2950,3968

11811820,-290,-3392,3788

11837165,-160,-3228,3644

11862515,180,-3208,3872

11886895,480,-3360,3772

11911265,562,-3136,4332

11935640,1436,-2824,4712

11960990,2220,-3228,4628

11986345,1992,-3228,4212

12011690,1480,-2960,3144

12037045,908,-2988,2360

12061420,610,-3346,2440

12085800,296,-3262,2540

12110175,116,-2828,2552

12134550,-116,-2290,2552

12159895,-348,-2270,2696

12185240,-190,-2452,2760

12210595,-288,-2468,2748

12235945,-348,-2452,2778

12261295,-274,-2580,3220

12286640,-96,-2854,3264

12311015,-180,-2784,3100

12336365,-136,-2664,3200

12361720,330,-2576,3740

12386095,642,-2556,3668

12410465,208,-2804,3456

12434840,202,-2616,3616

12459220,474,-2274,3616

12483595,624,-2452,4076

12507970,640,-2188,3756

12532345,-500,-2348,3336

12557695,364,-2288,3148

12582065,108,-2700,3608

12606445,440,-2832,3712

12630815,-120,-2454,2988

12656165,-174,-2206,2800

12681525,-248,-2424,3080

12706865,-100,-2472,3060

12732225,-272,-2148,2800

12757570,-392,-1912,2512

12782920,-460,-1920,2392

12808280,-496,-1794,2272

12833620,-566,-1776,2332

12858975,-412,-1808,2348

12884320,-452,-1946,2372

12909670,-282,-2136,2796

12935030,-92,-1958,2764

12959395,-264,-1870,2476

12984740,-190,-2584,2740

13010090,100,-3244,3212

13034480,156,-3332,3464

13058840,82,-3522,3728

13082245,282,-3750,3936

13106615,-104,-4276,3916

13131965,32,-4630,4176

13155370,-928,-4920,4684

13180725,-212,-4714,4560

13206065,422,-4156,4104

13230450,788,-3908,3492

13254820,652,-3028,2660

13279190,220,-2876,2348

13303565,-212,-3106,1944

13328920,-396,-2944,1900

13354280,-378,-2556,1948

13379620,-360,-2404,2052

13404965,-196,-2424,2040

13430325,-200,-2308,1932

13455670,-124,-2366,1984

13481025,16,-2820,2108

13504415,64,-2560,1964

13527820,336,-2608,1948

13552195,646,-2948,2336

13576570,814,-3104,2796

13600940,1082,-3090,2752

13626295,1086,-3276,2774

13651645,994,-3532,3032

13676020,972,-3760,3164

13700400,816,-3728,3376

13724780,664,-3764,3516

13749145,-412,-4240,3728

13774490,216,-4124,3700

13798870,298,-3916,3604

13823240,144,-3944,3868

13847625,-50,-3832,3766

13871995,-514,-3380,3168

13897345,-696,-3284,2984

13922700,-916,-3052,2552

13948045,-1094,-3166,2692

13974375,-772,-2732,2124

13999720,-884,-2176,1872

14025080,-754,-2164,1788

14050420,-692,-2424,1996

14075770,-552,-2176,1964

14101120,-496,-1940,1812

14126470,-596,-2032,1900

14151825,-400,-2172,2192

14177180,-368,-1984,2200

14202520,-372,-1942,2176

14227870,-404,-2160,2400

14253215,-200,-2448,2612

14278565,-120,-2548,2736

14303915,-216,-2644,2912

14329265,-20,-3108,3652

14353640,232,-3360,3896

14378020,-2,-3358,3940

14401425,-268,-3420,4484

14426780,-1220,-4404,5188

14453100,-522,-4628,4944

14478445,-394,-4128,4592

14503800,576,-3344,4034

14528170,614,-2774,3416

14552555,296,-2688,2724

14576920,-2,-2742,2230

14600315,-220,-2914,2128

14625670,-374,-2624,2616

14651025,-618,-2572,2636

14676370,-404,-2488,2576

14701715,-108,-2372,2584

14727070,-408,-2606,2500

14752420,-380,-2480,2096

14777765,-246,-2640,2200

14803115,-204,-2556,2068

14828465,-112,-2512,2068

14853815,-176,-2668,2232

14879165,-76,-2862,2512

14903540,80,-2674,2720

14926940,58,-2522,2696

14950345,12,-2812,2800

14973740,-168,-2972,2728

14999100,-150,-3044,2762

15024440,-212,-3312,2960

15049790,-116,-3144,2748

15075150,-150,-3108,2676

15100490,-92,-3324,2680

15124870,-586,-3268,2868

15150225,-824,-3830,3216

15175580,-356,-4492,3500

15200915,-156,-4332,3704

15226265,-132,-4158,3782

15251615,-224,-4192,3728

15276965,-220,-3984,3278

15302320,-616,-3684,2872

15327670,-912,-3696,2688

15353020,-1052,-3868,2892

15379350,-788,-3796,2956

15404695,-622,-3384,2892

15430045,-820,-3246,2628

15455395,-984,-3172,2516

15480745,-976,-3296,2600

15506095,-928,-2834,2492

15531445,-818,-2528,2460

15556795,-854,-2504,2372

15582145,-894,-2624,2492

15607500,-706,-2278,2360

15632860,-764,-2060,2258

15658195,-776,-2108,2262

15683545,-716,-1976,2344

15708895,-644,-1804,2388

15734245,-558,-1688,2352

15759605,-564,-1856,2388

15784945,-488,-1904,2396

15810295,-376,-1848,2380

15835645,-368,-2052,2692

15860995,-512,-2366,3164

15886345,-828,-2724,3384

15911700,-1290,-3380,3632

15938015,-956,-4400,4100

15963370,-724,-4504,4264

15988735,-744,-4832,4424

16014060,-846,-4900,4116

16039420,-688,-4848,3604

16064770,-386,-4132,3180

16090120,-352,-3776,3024

16115470,-378,-3388,2808

16140825,-614,-2948,2556

16166170,-612,-2532,2440

16191520,-438,-2572,2596

16216875,-378,-2704,2576

16242220,-518,-2728,2472

16267575,-760,-2754,2188

16292930,-906,-3088,2108

16318270,-744,-2976,2100

16343630,-664,-3028,2356

16368970,-500,-2678,2576

16394325,-408,-2444,2782

16419670,-368,-2408,2660

16445020,-606,-2532,2368

16470380,-360,-2700,2628

16495715,-112,-2766,2716

16521075,40,-2936,2668

16544470,416,-3162,3168

16568845,696,-2952,3164

16593225,646,-2892,2968

16617595,714,-2976,3016

16641970,308,-3332,3538

16666345,436,-3300,4290

16690720,846,-3540,4744

16715095,462,-3680,4840

16739465,58,-3708,4568

16762865,-242,-3512,4332

16788220,-372,-3238,3976

16813570,-486,-3040,3778

16838920,-648,-3094,3592

16864270,-832,-3144,3408

16889625,-1080,-2840,2980

16915945,-1236,-3028,3124

16942270,-1090,-3098,3404

16968595,-1052,-3108,3396

16994920,-1266,-3036,2896

17021245,-1198,-2980,2728

17047570,-1140,-2712,2564

17073895,-1012,-2292,2444

17100220,-966,-1796,2196

17125570,-832,-1832,1720

17150935,-916,-2100,1348

17176270,-728,-2052,1344

17201620,-702,-2002,1404

17226970,-660,-1772,1352

17252320,-896,-2172,1396

17277685,-774,-2724,1912

17303020,-748,-2776,2244

17328370,-754,-3188,2588

17353720,-888,-3972,3332

17379065,-1938,-4784,4200

17405395,-906,-4460,4508

17430745,-412,-3800,4176

17456095,474,-3414,3948

17480470,452,-3368,3624

17504845,290,-3476,3100

17529220,274,-3822,3240

17553595,340,-3712,3356

17577970,684,-3620,3602

17602340,78,-3514,3540

17625750,40,-3448,3092

17649140,-128,-3186,2560

17674495,-644,-2944,1904

17699855,-2,-2044,1648

17723245,20,-2122,1648

17746640,88,-2240,1904

17770040,190,-2346,1844

17794415,54,-2096,1780

17817830,148,-2128,1988

17842190,172,-2540,2324

17866565,200,-3164,2396

17890940,102,-3708,2808

17915320,502,-4256,3384

17939695,780,-4048,3692

17964075,-68,-4008,3720

17988450,152,-4448,3440

18012820,278,-4760,3332

18037195,544,-4474,3012

18061570,374,-4080,2936

18085940,208,-3888,2676

18110315,46,-3948,2600

18133715,-94,-3804,2704

18158100,-234,-3536,2636

18183440,-254,-3342,2700

18208795,-294,-3276,2560

18234150,-422,-3144,2396

18259495,-532,-3132,2270

18284850,-620,-3080,2492

18310195,-526,-2780,2516

18335545,-476,-2500,2456

18360900,-512,-2412,2384

18386245,-548,-2464,2332

18411600,-474,-2500,2312

18436945,-458,-2400,2184

18462295,-570,-2288,2012

18487655,-492,-2382,2012

18512990,-438,-2240,2144

18538350,-412,-2244,2220

18563695,-598,-2508,2640

18589045,-1340,-2896,3308

18615370,-460,-2744,3396

18640730,-396,-3406,3708

18666065,138,-3338,3620

18690445,-2,-3102,3164

18713855,-60,-3020,3022

18738220,14,-3292,3026

18761615,90,-3514,3168

18785015,224,-3132,2944

18809395,348,-2960,2768

18833770,390,-3084,3008

18858145,426,-3404,2712

18882515,108,-3486,2258

18906900,42,-3254,2040

18930295,264,-3152,2356

18954670,610,-2900,2448

18979045,372,-2776,2176

19003415,644,-2668,2304

19027805,754,-2804,2480

19052170,986,-2728,2692

19076545,1018,-2668,2628

19101900,908,-3250,2824

19126270,1116,-3708,2964

19151620,944,-3672,3112

19175995,916,-3506,3256

19200365,108,-4036,3596

19224745,618,-4456,3298

19249120,798,-4344,3376

19273495,960,-3414,3148

19297880,696,-3792,3260

19322245,306,-3736,2720

19346615,-172,-3384,2704

19371970,-312,-3732,3008

19397330,-222,-3646,3236

19422665,-132,-3720,3274

19448015,-132,-3688,3188

19473365,-248,-3586,3080

19498720,-340,-3524,2948

19524085,-482,-3410,2728

19549420,-560,-3204,2608

19574770,-628,-3064,2400

19600120,-608,-2800,2224

19625470,-524,-2366,2292

19650815,-566,-2080,2208

19676175,-568,-2126,1932

19701520,-648,-2218,1856

19726870,-776,-2300,1932

19752220,-684,-2370,2216

19777570,-614,-2278,2412

19802925,-1610,-2766,3476

19829245,-710,-2922,3526

19854595,-548,-3136,3300

19879940,142,-2632,3192

19904315,76,-2438,2960

19927715,24,-2644,3112

19951115,8,-2934,3152

19973540,-194,-2808,3380

19998890,-196,-2538,3790

20024240,-190,-2736,3600

20049595,-344,-2836,3612

20074940,-208,-2672,3224

20100300,-330,-2844,3104

20125655,-254,-1980,2766

20150995,378,-2320,3220

20175375,62,-2750,3244

20198770,-492,-2884,3502

20224125,196,-2984,3376

20248495,668,-2736,3300

20272885,762,-2766,3868

20297245,736,-2632,3488

20321620,568,-2442,3420

20345995,596,-2614,3936

20370370,632,-2766,4360

20394745,470,-2612,4204

20419125,-236,-3030,4794

20444470,488,-3490,5192

20468845,660,-3760,5184

20493215,328,-3376,4488

20517590,134,-2918,3748

20541970,-320,-3170,3760

20567320,-728,-3364,4034

20592675,-938,-3100,4080

20618020,-1148,-3044,4028

20644345,-1168,-3076,4042

20670670,-1212,-3080,3712

20696995,-1200,-2728,3516

20723325,-1126,-2492,3372

20749645,-1174,-2438,3280

20775970,-1126,-2412,3096

20802295,-1122,-1874,2712

20828620,-972,-1740,2480

20853985,-942,-1780,2320

20879320,-844,-1584,2332

20904680,-788,-1376,2252

20930020,-776,-1216,2108

20955370,-840,-1222,2072

20980740,-940,-1376,2228

21006060,-956,-1408,2388

21031420,-2018,-1692,3412

21057745,-1694,-2100,3912

21084070,-1116,-2922,3988

21110395,-618,-3284,4452

21135740,-160,-3288,4496

21161100,160,-3494,4596

21185470,624,-3696,4904

21209860,670,-3316,4596

21234220,356,-2804,3904

21258590,80,-2700,3532

21281990,24,-2624,3092

21305395,-276,-2968,2534

21330740,-222,-2306,2400

21356100,180,-2216,2360

21380465,-102,-2866,2384

21405815,-44,-3312,2108

21430190,248,-3094,2024

21454570,544,-2736,2348

21478950,646,-2908,2724

21503330,664,-3148,2732

21527695,622,-3184,2792

21552070,898,-3452,3220

21576445,1100,-3676,3536

21601795,1168,-3748,3744

21627140,-16,-4056,4264

21651515,658,-4436,4140

21675895,814,-4436,3908

21700270,622,-3696,3424

21724640,-46,-3504,3256

21749015,-164,-3960,3268

21774365,-84,-4604,3564

21798740,-32,-4584,3656

21823120,390,-4244,3876

21847500,410,-4088,3632

21871865,-76,-4062,3298

21896255,-312,-3980,2892

21921595,-316,-4244,2588

21946950,-776,-4468,2604

21972295,-956,-4196,2488

21997645,-680,-3720,2440

22023005,-504,-3156,2228

22048340,-404,-2560,1704

22073715,-474,-2244,1766

22099040,-244,-2152,1620

22124390,-180,-1660,1416

22149740,-204,-1268,1232

22175095,-382,-1172,1272

22200455,-304,-1672,1468

22225790,-60,-1536,1688

22250170,-40,-940,1628

22273565,-200,-1058,1908

22298925,12,-1768,2424

22322315,228,-1860,3056

22346700,-1246,-2340,4112

22373020,-622,-3060,3976

22398370,-566,-3512,4060

22423720,-898,-3368,4724

22449065,-1092,-3656,5224

22475395,-690,-4822,6058

22500740,832,-5004,6264

22525115,1120,-3192,5440

22550470,702,-2636,4542

22574840,200,-2938,4298

22599215,84,-2536,3980

22622615,236,-2108,3628

22646990,122,-1820,3488

22671375,212,-1896,3204

22695720,0,-2536,3140

22718165,124,-2568,2960

22742540,44,-2168,2928

22765940,104,-2358,2832

22790315,-196,-2624,2766

22815670,-272,-2816,2448

22841020,-326,-2944,2620

22866365,-182,-2732,2756

22891730,14,-2702,3250

22915125,186,-3926,2592

22939500,-720,-2640,1568

22964850,-770,-636,2700

22989215,134,-1848,2916

23013595,-580,-2782,2696

23038955,-456,-2584,2600

23064290,10,-3020,2788

23087695,836,-3156,2796

23112070,1260,-3338,2976

23137425,1226,-3720,3020

23162780,1270,-4468,3156

23188120,1348,-4760,3262

23213465,1666,-4756,3348

23238820,1558,-4436,3444

23264170,1210,-4130,3692

23289520,940,-4672,3568

23313895,474,-5052,4332

23338275,540,-4558,4396

23362650,422,-3704,4016

23387025,-58,-3864,3484

23411405,-196,-3988,2968

23436745,-448,-3676,2508

23462095,-706,-2938,2254

23487445,-796,-2210,1920

23512795,-850,-2012,1628

23538160,-916,-2292,1580

23563495,-644,-1942,1440

23588845,-426,-1340,1502

23614195,-458,-1372,1784

23639545,-386,-1772,1720

23664895,-176,-1996,1796

23690250,56,-1776,2030

23713645,240,-1408,2052

23738015,50,-1878,2412

23761420,438,-2256,2652

23785795,614,-2206,2768

23810170,876,-2468,3144

23834545,824,-2848,3298

23858920,946,-3128,3916

23883295,982,-3044,4104

23907670,994,-2932,3944

23932045,1156,-2728,3988

23957395,1340,-3000,4772

23982745,1424,-2758,4524

24008090,1274,-2512,4416

24033445,1428,-1520,4264

24058795,1324,-1326,4176

24084145,1092,-1764,4018

24109495,1212,-1288,3470

24134845,1356,-1318,2672

24160210,1320,-1372,3580

24185545,1636,-1508,3732

24210895,1606,-1450,3340

24236245,1890,-1160,2876

24261595,1894,-1682,3032

24286955,2170,-1866,3232

24312290,2306,-2448,3764

24337645,2302,-2716,4696

24362990,2252,-2144,5224

24388340,2066,-1924,5528

24413695,1706,-2122,5972

24439050,1456,-1874,5296

24464390,1180,-1192,4272

24489745,942,-1048,3756

24514120,742,-1222,3332

24538495,652,-1124,2788

24562870,266,-476,1812

24586275,334,-1288,2608

24610655,894,-684,3256

24634045,604,-704,3264

24657455,432,-746,3652

24680845,332,-704,3296

24704255,180,-1100,3388

24728620,392,-1668,4052

24752995,384,-1242,3980

24777365,212,-1036,3224

24801740,64,-1392,2456

24825140,-180,-2308,2924

24850505,-384,-1478,3044

24875840,-234,-1256,3584

24901200,-696,-846,3656

24925575,-276,-548,3944

24949955,-204,-300,4056

24974335,-184,-648,3748

24998690,-136,-1210,3940

25024050,672,-1714,4976

25048425,1268,-1550,5348

25073765,1172,-2388,5180

25099115,1576,-3502,4424

25124470,1104,-3976,2876

25149820,1184,-3868,2152

25175175,1528,-3606,2244

25200520,2400,-3422,3026

25225870,2932,-3080,3026

25251220,3782,-3750,2920

25276565,4584,-4220,3940

25301925,5172,-3676,5132

25327265,4482,-4132,4794

25352615,3652,-4486,4790

25377965,2856,-4412,4900

25403315,1572,-4448,4708

25428670,676,-4090,4228

25453055,-40,-3504,3712

25477420,-508,-2632,3016

25502775,-1248,-2148,2680

25529095,-1400,-1344,2400

25555430,-2078,-1428,1672

25581745,-2732,-1848,1798

25608070,-2816,-1816,2266

25634395,-2222,-1836,2540

25660730,-2042,-1976,2376

25687050,-1876,-1984,2140

25713370,-1122,-2580,2436

25739695,-416,-2854,2900

25765040,172,-2644,3592

25789420,1016,-2862,4944

25814765,2162,-3364,5916

25840120,3362,-2926,4932

25865465,4870,-2084,3444

25890815,5652,-2100,2408

25916175,7934,-2442,2872

25941520,8191,-3144,3684

25966865,8072,-3042,3584

25992215,6606,-2720,3456

26017570,5268,-2674,3388

26042925,3978,-3288,4080

26068265,2724,-3170,4108

26093620,1574,-2652,3824

26118980,1140,-2674,3708

26144315,142,-3174,3712

26168695,-884,-3048,3712

26194050,-2042,-2068,2736

26220370,-1662,-1504,3022

26246695,-2506,-1806,3876

26273015,-2480,-2100,3348

26299345,-1986,-1332,2790

26325670,-1230,-948,2596

26351020,-658,-1768,3236

26376365,-32,-1964,3184

26400745,854,-2438,3436

26425120,1772,-2684,3836

26450475,2900,-2780,4260

26475820,4070,-2866,3790

26501175,4320,-2724,3424

26526530,5422,-2834,2884

26551870,6636,-2968,2548

26577225,7066,-2992,2956

26602565,6466,-2670,3336

26627925,5636,-2586,3782

26653265,4854,-2732,4262

26678615,3802,-3096,4648

26703975,2508,-3006,4388

26729315,1692,-2784,4356

26754675,1120,-2456,4216

26780020,440,-2156,3960

26804395,-728,-1896,3432

26829745,-1432,-1396,2964

26856070,-1448,-1680,2952

26882395,-1802,-1784,3092

26908730,-1876,-1126,2852

26935050,-1326,-524,2440

26960395,-518,-576,2684

26984765,68,-888,3088

27007195,544,-1154,3384

27031570,1588,-1230,3980

27056920,2240,-1016,4308

27082275,2782,-1118,4566

27107620,2756,-1796,4572

27132965,3342,-2064,4112

27158325,3636,-2220,3526

27183670,3928,-2068,2964

27209025,4420,-2396,2768

27234365,4424,-2846,2300

27259715,4372,-2996,2216

27285080,3996,-3674,1556

27310420,2958,-5524,1940

27335775,2332,-4024,3060

27361120,1896,-2652,3018

27386470,1338,-3140,3712

27411825,-36,-2424,4112

27436195,-902,-1474,4208

27461545,-1744,316,3602

27485920,-1820,1432,4058

27511280,-1850,1706,5644

27536620,-2016,1400,6680

27561965,-2060,1264,6480

27587320,-1852,1272,5352

27612670,-1664,498,4696

27637055,-1082,-664,5004

27662390,-194,-1344,4384

27687750,636,-2526,4260

27712125,1738,-3692,3828

27737465,2472,-4234,2980

27762815,3114,-4482,1628

27788170,3062,-4654,1112

27813520,3800,-4982,588

27837900,4310,-5292,816

27862270,4458,-5780,840

27886650,3594,-5744,976

27911030,2412,-5260,1520

27936365,1304,-4230,2632

27961725,260,-3114,3916

27986095,-938,-1588,4476

28011440,-2124,44,4856

28034845,-1702,1512,6196

28060200,-2260,1654,7534

28085545,-2324,1822,8148

28110890,-2470,2240,7636

28136250,-2108,2244,7100

28161595,-1880,1496,7148

28186950,-1562,222,5924

28211325,-1178,-1764,4624

28237640,-146,-3372,3876

28263000,1152,-3856,3340

28288340,2490,-3916,2776

28313710,3512,-4650,1438

28339040,4884,-6018,254

28363420,5294,-6476,-300

28388770,5246,-6098,-256

28414120,4478,-6398,416

28438495,3154,-5454,644

28462865,1690,-4288,1420

28488220,536,-3432,2524

28512605,-330,-2550,4324

28537945,-972,-700,5748

28562320,-1536,696,6316

28586700,-1736,1260,7042

28612055,-2474,1230,8112

28637395,-2418,1396,8191

28662745,-1882,2204,7472

28688090,-1422,2568,6208

28713445,-1256,1314,5756

28738805,-772,180,4892

28762205,-410,-674,4152

28786570,-294,-3018,3216

28811920,562,-3982,2988

28836300,2196,-3964,2400

28861655,3618,-4190,2096

28886990,4690,-4588,1700

28912340,5190,-6084,1222

28937695,5162,-6910,912

28962070,4902,-6098,1668

28987420,3590,-3996,1984

29012770,2812,-1844,3204

29038125,2256,-300,4740

29062510,1776,1420,4820

29086875,744,2132,4344

29110265,36,1544,4280

29132695,-536,940,4712

29156095,-1668,264,3908

29180470,-2256,-776,3260

29205825,-2782,-1976,3640

29232140,-2390,-2652,4124

29258485,-2138,-1726,3604

29284795,-2088,-1200,3180

29311120,-1440,-1728,3416

29337445,-776,-1608,3444

29362790,228,-1132,3282

29387170,942,-1542,2932

29411540,2312,-2468,4364

29436890,5016,-3764,4526

29462245,7214,-4070,4900

29487610,8191,-4378,5626

29512935,8191,-5092,6274

29538290,7884,-4532,6338

29563640,5662,-3604,5392

29588990,3716,-3352,4732

29614340,2072,-2720,4544

29639700,832,-2536,4548

29664075,2,-2430,4504

29686495,-622,-1772,4038

29711845,-1610,-970,3332

29737210,-2340,-996,2786

29762535,-2900,-1664,2576

29788880,-2716,-2100,2806

29815200,-2446,-1424,2304

29841520,-1922,-1036,1860

29867845,-1196,-1096,2156

29894170,-374,-1200,2916

29919520,592,-1096,3348

29943895,1354,-1124,3760

29969250,2126,-1698,4016

29994590,3146,-2526,4584

30019950,4724,-2186,4558

30045290,6108,-2068,4500

30070640,6924,-2616,4506

30095990,7140,-3012,4312

30121345,7030,-1880,4804

30146700,5622,-1222,5080

30172040,4514,-1976,5652

30197390,2436,-1960,4848

30222745,1362,-1212,3764

30248095,506,-822,3286

30271490,46,-616,3204

30293930,-432,-720,3024

30318310,-792,-1268,3268

30343645,-1680,-1316,3164

30369970,-2458,-1530,2656

30396300,-2738,-1668,2256

30422620,-2594,-1588,2948

30448945,-1996,-1332,3282

30475270,-1662,-1372,3156

30501595,-924,-1624,3180

30526955,-282,-2064,3908

30552290,674,-1848,4104

30576675,1418,-1722,4852

30602020,2678,-2686,5476

30627370,3668,-2430,5554

30652725,4770,-2468,5432

30678070,5212,-1752,5992

30703425,5132,-684,6936

30727800,3342,142,7302

30751195,1890,-696,7084

30775570,990,-1900,5952

30799950,104,-1874,3556

30824320,12,-1390,1984

30847720,304,-1984,2170

30872090,1074,-2248,2188

30897455,1212,-1924,1522

30922795,1536,-2980,1208

30948145,1756,-3734,844

30972515,1980,-5388,800

30996895,2402,-6008,1412

31022245,2112,-5400,1212

31047595,1916,-4904,1528

31072940,1930,-5088,2568

31098290,1314,-4132,4224

31123645,548,-3032,5580

31148020,-280,-886,6536

31172400,-260,1078,7512

31196780,-632,2204,7880

31221145,-888,2796,8191

31245520,-1188,3160,7988

31270865,-1178,2728,7236

31296230,-898,2004,6228

31320595,-622,722,4924

31343990,-36,-798,4376

31367395,546,-1504,3820

31391770,1018,-1798,3648

31417115,1560,-2384,3778

31442475,1776,-2948,3132

31467820,1992,-4092,2064

31493175,1870,-5906,1172

31518530,2492,-6628,548

31542890,2686,-7634,124

31567265,2406,-8192,-196

31592615,2086,-7082,176

31616990,1536,-5302,1348

31642340,1196,-4152,3592

31667690,522,-2560,4740

31692075,-28,-1168,5464

31716450,-242,152,6564

31739845,-292,1526,7584

31764220,-544,2602,7404

31788595,-986,2590,7046

31812970,-752,3368,6868

31837345,-504,3568,6872

31861720,-392,3006,6452

31886100,-492,1462,5660

31910475,-368,-326,4876

31934850,-376,-2084,4216

31960195,424,-2438,4520

31984570,844,-2602,4060

32008940,1192,-3108,3592

32034295,1464,-3868,2676

32059645,1624,-4916,1308

32084990,2568,-5388,1040

32110345,3188,-5362,1750

32135700,3244,-5516,1496

32161040,2672,-5156,1352

32186395,2020,-4546,1876

32211750,1008,-4112,3018

32237090,-226,-3292,4652

32262450,-1540,-940,5928

32287790,-2628,1924,6200

32313140,-2576,3520,6492

32338500,-2146,2866,6144

32363840,-2262,2156,5460

32389200,-1892,1112,5028

32414540,-1830,-216,4736

32439895,-1326,-1588,4550

32466220,-618,-3422,3744

32491575,334,-3590,2778

32515950,1586,-2816,2196

32541295,3446,-2776,2704

32566645,4660,-2826,3022

32591990,6252,-3894,4352

32617340,5906,-4144,4542

32642700,5574,-3800,4048

32668040,4426,-4490,3996

32693390,3512,-4688,4496

32718745,2534,-3742,4600

32744095,1636,-3632,5036

32769445,444,-3666,4996

32793830,-394,-3822,4836

32819170,-1658,-2068,4412

32845495,-1938,-1198,4100

32871825,-2746,-1584,4238

32898145,-3602,-1696,3708

32924470,-4046,-1328,3026

32950795,-3446,-1640,3188

32977120,-2780,-1496,2796

33003445,-2082,-990,2324

33028795,-1710,-720,2208

33054145,-1024,-1112,3228

33080475,-164,-1136,3732

33105820,662,-1310,3908

33130190,1174,-1874,4624

33155540,2148,-2396,5492

33180890,2804,-2456,5732

33206240,3284,-2896,5896

33231605,3512,-3380,5232

33256935,3236,-3360,4392

33282295,2936,-2674,3856

33307640,2560,-2288,3536

33332990,2070,-2300,3360

33358345,1564,-2220,3500

33383700,1270,-1924,3400

33409045,1096,-1664,3560

33434395,916,-1828,3804

33458770,356,-1968,4504

33483140,46,-1702,4376

33506545,840,-1760,3472

33530925,1082,-1638,2976

33556270,1108,-1496,2720

33581620,1274,-1408,2440

33606980,1462,-1420,2652

33632320,1186,-1310,3528

33657675,1364,-1698,3392

33683020,1230,-1972,3030

33708370,1406,-2034,3052

33733730,1454,-1954,3236

33759065,1416,-1972,2644

33784425,1318,-2610,2536

33809770,1520,-2522,3544

33835115,1548,-2068,4000

33860470,1348,-1528,3790

33885820,1332,-1108,3056

33911175,1422,-1316,2896

33936520,1172,-2076,3420

33961870,952,-1398,3948

33986245,1222,-1034,3468

34011595,1396,-1024,3014

34036945,908,-1836,3060

34061320,972,-2944,2976

34085700,816,-2400,3256

34110070,832,-2088,3288

34134445,832,-2114,3448

34158815,-120,-3078,3348

34184170,854,-2804,3124

34208550,736,-908,4124

34231945,1946,14,3798

34254365,1248,-1240,4612

34279725,850,-1676,3864

34304110,1074,-1950,3152

34329440,1040,-2118,2912

34354795,834,-1294,2988

34379170,1870,-722,3608

34403545,908,-518,3476

34426950,1170,-100,3424

34451325,1120,-270,4676

34475695,1496,-532,3948

34500080,654,-164,2968

34523475,766,-36,3770

34545890,1348,-6,3736

34568315,1172,-562,4108

34592690,764,-138,3576

34616095,876,-728,4412

34639500,482,-642,4692

34662895,732,-12,4050

34685320,720,-1000,4352

34709695,1270,-1600,3958

34735045,582,-1492,4398

34759420,320,-948,4172

34782825,492,-928,4294

34806220,196,-926,3964

34829620,636,-1592,3852

34853995,492,-1336,3488

34878365,-52,-1294,3244

34902745,588,-958,3240

34926150,408,-1158,3590

34950525,78,-826,3546

34972945,-704,-636,3274

34997315,-346,-82,3594

35020720,-488,174,3826

35044115,-1138,-234,3616

35069470,90,-78,3936

35090920,-754,288,4000

35114325,-748,192,4172

35137720,-308,288,4240

35161115,176,166,4084

35183555,776,680,3778

35205970,572,380,3672

35228410,278,584,3992

35250815,-28,268,4256

35273240,-62,406,4260

35295665,-94,760,4344

35318090,-234,748,4424

35341495,-442,640,4712

35364890,-296,204,4644

35388300,-212,432,4616

35411695,-2,372,4514

35433155,-264,70,4720

35455565,-240,66,4504

35478005,-182,350,3992

35501400,-124,574,3374

35524790,82,826,2962

35546240,-108,524,2932

35569645,-478,360,3432

35593055,-1012,824,3770

35617430,-308,382,2854

35640815,812,176,1906

35663240,234,204,1778

35685675,-300,676,3452

35709070,-536,1202,3298

35733440,-408,32,4012

35755865,-642,1180,4228

35780245,-332,1062,4130

35804620,-30,1240,4388

35828020,-680,1606,4030

35852395,-510,954,3774

35875790,-576,238,4172

35899190,-736,36,4526

35921620,-1072,360,4676

35945995,-1090,432,4960

35970365,-508,70,4844

35992790,-376,-70,4530

36016190,-674,-144,4334

36040565,-810,-60,4508

36063970,-1022,-520,4896

36089320,-754,-1046,5042

36114670,-670,-306,4348

36139055,-482,-500,3864

36163420,-588,-436,3676

36187790,-674,-142,3436

36212165,-584,-152,4798

36236545,-722,-3162,7692

36261895,606,-1402,3400

36286270,360,-1196,3464

36310640,-68,-1268,3718

36335015,160,-1108,3286

36359395,-884,-2658,3102

36384740,784,-2496,3072

36409120,522,-2342,3624

36433495,-10,-2544,4030

36457870,-400,-1692,2736

36483215,-138,-2370,2892

36508565,-222,-2354,3790

36533925,-168,-1246,3388

36559265,40,-2504,3112

36582665,-6,-2386,2688

36606065,-154,-2206,3336

36631415,-50,-2098,3550

36655795,-334,-1980,2968

36681150,128,-2114,3584

36705535,-16,-2290,3504

36729890,200,-1806,4250

36754265,102,-1722,4092

36778640,224,-1564,3980

36803020,-128,-1836,3742

36828380,-212,-1406,3664

36853720,-268,-1710,3904

36879080,-300,-1562,3618

36904415,-86,-1394,3810

36928795,-426,-1130,3708

36954150,-84,-1778,3728

36978530,-272,-1892,3388

37003870,-320,-1692,3652

37029230,-1366,-1444,1214

37055540,934,86,2892

37076995,-1042,-1532,4680

37103320,-438,-908,4518

37127700,-530,-1028,3660

37153045,-466,-836,4004

37177420,652,-2550,2968

37201790,138,-1786,4264

37226170,-394,-982,3684

37250540,-366,-1348,3872

37275895,-326,-1382,3880

37301245,-280,-1280,3832

37326595,-356,-1092,3864

37351945,-312,-1116,3948

37377305,-294,-1142,3928

37402645,-282,-1128,3828

37427995,-276,-1136,3944

37453355,-334,-1116,3852

37478695,-306,-1116,3896

37504050,-294,-1152,3896

37529395,-292,-1146,3852

37554745,-300,-1112,3904

37580105,-308,-1146,3896

37605445,-308,-1108,3880

37630800,-268,-1172,3864

37656145,-282,-1156,3816

37681495,-316,-1112,3920

37706855,-304,-1092,3912

37732195,-312,-1154,3868

37757555,-308,-1138,3868

37782895,-290,-1104,3932

37808245,-298,-1132,3920

37833595,-294,-1128,3916

37858945,-320,-1128,3940

37884300,-294,-1128,3908

37909645,-316,-1128,3904

37934995,-320,-1124,3892

37960345,-308,-1128,3908

37985695,-316,-1128,3904

38011045,-308,-1108,3880

38036395,-296,-1136,3896

38061745,-296,-1144,3912

38087095,-300,-1124,3876

38112445,-356,-1120,3912

38137810,-330,-1004,3812

38163145,-296,-1136,3908

38188495,-296,-1138,3920

38213845,-320,-1096,3848

38239195,-316,-1164,3948

38264560,-316,-1062,3880

38289895,-286,-1100,3848

38315245,-300,-1152,3912

38340595,-300,-1116,3876

38365945,-304,-1116,3908

38391300,-308,-1130,3952

38416650,-312,-1128,3860

38441995,-298,-1134,3928

38467345,-304,-1128,3912

38492695,-300,-1128,3896

38518045,-292,-1132,3924

38543405,-304,-1138,3884

38568745,-302,-1148,3928

38594095,-300,-1130,3924

38619455,-308,-1132,3876

38644795,-300,-1132,3916

38670150,-296,-1132,3884

38695495,-312,-1132,3904

38720845,-312,-1138,3896

38746205,-308,-1136,3892

38771540,-288,-1136,3920

38796915,-312,-1116,3896

38822245,-300,-1136,3888

38847595,-312,-1128,3908

38872945,-294,-1128,3880

38898295,-308,-1112,3900

38923650,-324,-1120,3912

38948995,-304,-1134,3872

38974345,-282,-1128,3920

38999695,-316,-1128,3872

39025045,-304,-1124,3880

39050400,-338,-1128,3908

39075745,-308,-1120,3884

39101095,-304,-1128,3876

39126445,-316,-1100,3924

39151795,-304,-1168,3904

39177155,-300,-1156,3848

39202495,-304,-1134,3916

39227845,-292,-1124,3924

39253195,-320,-1116,3876

39278545,-304,-1120,3892

39303910,-376,-1120,3896

39329245,-320,-1124,3960

39354595,-286,-1148,3892

39379945,-276,-1160,3896

39405295,-316,-1112,3856

39430660,-364,-1066,3804

39455995,-330,-1088,3896

39481345,-286,-1136,3888

39506695,-290,-1168,3916

39532045,-300,-1128,3864

39557395,-316,-1120,3884

39582755,-334,-1020,3836

39608095,-278,-1142,3816

39633455,-308,-1120,3920

39658800,-294,-1100,3924

39684145,-316,-1188,3912

39709500,-304,-1176,3952

39734845,-288,-1128,3920

39760195,-304,-1116,3892

39785555,-308,-1136,3940

39810895,-308,-1112,3876

39836250,-286,-1152,3908

39861595,-308,-1120,3932

39886945,-334,-1124,3888

39912305,-290,-1146,3912

39937650,-290,-1132,3932

39963005,-316,-1128,3892

39988345,-296,-1132,3904

40013695,-304,-1130,3892

40039045,-300,-1120,3868

40064395,-304,-1116,3916

40089750,-320,-1128,3948

40115095,-284,-1088,3852

40140445,-308,-1148,3856

40165795,-312,-1138,3924

40191145,-308,-1112,3880

40216495,-312,-1116,3864

40241845,-278,-1146,3932

40267195,-316,-1128,3856

40292545,-294,-1108,3876

40317900,-304,-1152,3924

40343255,-316,-1132,3908

40368595,-286,-1132,3872

40393945,-308,-1164,3916

40419295,-294,-1132,3864

40444645,-304,-1120,3892

40470010,-312,-1150,3940

40495345,-296,-1136,3900

40520695,-304,-1138,3940

40546045,-286,-1128,3896

40571395,-296,-1100,3868

40596745,-328,-1140,3936

40622100,-296,-1128,3864

40647445,-296,-1150,3896

40672795,-320,-1096,3952

40698155,-312,-1142,3920

40723495,-282,-1120,3844

40748850,-296,-1112,3904

40774195,-264,-1164,3908

40799540,-200,-1276,3912

40824905,-320,-1132,3948

40850245,-356,-1096,3804

40875605,-296,-1132,3996

40900945,-312,-1142,3876

40926295,-282,-1100,3860

40951655,-286,-1120,3904

40976995,-322,-1180,3940

41002350,-280,-1100,3924

41027695,-308,-1138,3920

41053045,-300,-1132,3940

41078395,-296,-1124,3916

41103745,-296,-1146,3892

41129100,-268,-1092,3848

41154445,-320,-1156,3924

41179795,-288,-1124,3964

41205145,-328,-1134,3828

41230495,-290,-1124,3924

41255850,-286,-1130,3932

41281195,-304,-1164,3852

41306545,-268,-1134,3944

41331895,-286,-1148,3900

41357245,-294,-1120,3872

41382610,-326,-1104,3896

41407945,-316,-1104,3904

41433295,-292,-1104,3868

41458645,-274,-1150,3888

41483995,-304,-1112,3892

41509360,-338,-1100,3924

41534695,-280,-1108,3900

41560045,-294,-1136,3888

41585395,-282,-1128,3912

41610745,-304,-1108,3880

41636100,-292,-1128,3920

41661450,-292,-1136,3924

41686795,-286,-1128,3852

41712145,-292,-1138,3928

41737495,-300,-1128,3916

41762845,-292,-1116,3872

41788200,-342,-1104,3952

41813545,-308,-1144,3816

41838890,-244,-1146,3876

41864255,-296,-1136,3940

41889595,-324,-1092,3884

41914950,-324,-1104,3880

41940295,-292,-1142,3920

41965645,-334,-1096,3832

41991005,-284,-1124,3876

42016345,-316,-1120,3916

42041715,-312,-1108,3912

42067045,-296,-1120,3904

42092395,-290,-1142,3908

42117745,-304,-1120,3936

42143095,-296,-1104,3888

42168450,-304,-1124,3900

42193795,-282,-1136,3888

42219145,-286,-1138,3896

42244495,-292,-1132,3916

42269845,-308,-1116,3916

42295200,-320,-1104,3920

42320545,-288,-1134,3896

42345895,-290,-1140,3900

42371245,-290,-1104,3900

42396595,-316,-1120,3892

42421955,-300,-1134,3908

42447295,-288,-1116,3888

42472645,-304,-1130,3896

42497995,-286,-1136,3904

42523345,-294,-1132,3896

42548710,-316,-1136,3912

42574045,-316,-1124,3884

42599395,-300,-1134,3908

42624745,-284,-1128,3884

42650095,-284,-1128,3920

42675460,-296,-1124,3892

42700785,-356,-1074,3872

42726145,-304,-1120,3884

42751495,-296,-1134,3880

42776845,-282,-1142,3892

42802195,-292,-1112,3880

42827555,-300,-1142,3844

42852895,-290,-1120,3904

42878255,-316,-1108,3944

42903600,-312,-1116,3932

42928945,-278,-1124,3888

42954305,-282,-1148,3896

42979645,-286,-1128,3916

43004995,-300,-1100,3884

43030355,-290,-1128,3892

43055695,-290,-1138,3916

